# Blender 4.0.2
# www.blender.org
mtllib objects/mouse1m.txt
o SpinyMouse
v 0.178000 0.458466 1.017380
v 0.181008 0.460609 1.008158
v 0.183825 0.464606 0.999509
v 0.186342 0.470300 0.991767
v 0.188463 0.477472 0.985228
v 0.190106 0.485848 0.980144
v 0.191208 0.495105 0.976711
v 0.191726 0.504887 0.975059
v 0.191642 0.514820 0.975254
v 0.190957 0.524520 0.977286
v 0.185674 0.548631 0.993299
v 0.187915 0.541757 0.986486
v 0.189699 0.533615 0.981079
v 0.183063 0.553973 1.001257
v 0.174916 0.458255 1.026822
v 0.177140 0.559310 1.019352
v 0.180181 0.557580 1.010054
v 0.171127 0.459984 1.035875
v 0.167407 0.463588 1.044398
v 0.169660 0.556952 1.037562
v 0.173518 0.559098 1.028618
v 0.164027 0.468929 1.052105
v 0.166055 0.552954 1.045953
v 0.161118 0.475802 1.058701
v 0.162843 0.547259 1.053469
v 0.158791 0.483942 1.063930
v 0.157135 0.493037 1.067593
v 0.160146 0.540086 1.059819
v 0.158068 0.531709 1.064761
v 0.156064 0.512669 1.069721
v 0.156690 0.522452 1.068105
v 0.156214 0.502737 1.069548
v 0.000000 0.781364 0.902026
v 0.000000 0.820756 0.747793
v 0.000000 0.995903 0.271592
v 0.000000 1.009928 0.051102
v 0.000000 0.197298 -0.327802
v 0.000000 0.151456 0.141690
v 0.000000 0.178346 0.280471
v 0.000000 0.231146 0.635097
v 0.000000 0.258600 0.768689
v 0.000000 0.253559 0.959274
v 0.000000 0.184404 1.388109
v 0.000000 0.221015 1.428257
v 0.000000 0.310617 1.386491
v 0.000000 0.735690 0.996699
v 0.000000 0.681398 1.077904
v 0.000000 0.146809 -0.032024
v 0.000000 0.175128 -0.692596
v 0.000000 0.001275 -2.727079
v 0.000000 0.023960 -2.727604
v 0.000000 0.040901 -2.710447
v 0.000000 0.127248 -1.490887
v 0.000000 0.027231 -1.493610
v 0.000000 0.094345 -2.060227
v 0.000000 0.006895 -2.062489
v 0.000000 0.311910 -0.746715
v 0.000000 -0.002618 -2.682074
v 0.000000 0.585597 1.186258
v 0.000000 0.071256 -1.096303
v 0.000000 0.194280 -1.093617
v 0.000000 0.238266 -0.438629
v 0.000000 0.433320 -0.539568
v 0.000000 0.178028 1.304761
v 0.000000 0.909275 0.484524
v 0.000000 0.223332 1.120372
v 0.000000 0.200831 0.531047
v 0.000000 0.159434 -0.180803
v 0.000000 0.907903 -0.222989
v 0.000000 0.631441 -0.445706
v 0.000000 0.452416 1.285607
v 0.000000 0.840503 0.641128
v -0.105018 0.771447 0.877534
v -0.105244 0.277219 0.945483
v -0.051878 0.297931 1.366186
v -0.119280 0.724366 0.960385
v -0.203355 0.654466 0.919832
v -0.175087 0.292974 0.753949
v -0.029420 0.196638 1.382379
v -0.033956 0.226118 1.414849
v -0.142673 0.181399 0.282990
v -0.217443 0.737214 0.575847
v -0.272845 0.728849 0.397718
v -0.156891 0.866531 0.443641
v -0.267897 0.212872 0.265613
v -0.186391 0.908008 0.233242
v -0.152452 0.150883 0.126899
v -0.307974 0.747435 -0.028222
v -0.192618 0.914812 0.005019
v -0.087473 0.195991 -0.322462
v -0.109258 0.335960 -0.474344
v -0.157350 0.846825 -0.227705
v -0.273022 0.173347 0.142912
v -0.311469 0.154823 0.071232
v -0.239926 0.130957 0.049059
v -0.311903 0.304494 -0.256381
v -0.332596 0.185682 -0.188860
v -0.187559 0.132478 -0.065749
v -0.162623 0.168172 -0.275712
v -0.212024 0.234569 -0.349933
v -0.206727 0.128785 -0.182758
v -0.270093 0.145643 -0.230683
v -0.272294 0.117000 0.010241
v -0.319878 0.126060 0.004721
v -0.314360 0.111620 -0.109818
v -0.224837 0.104119 -0.038067
v -0.273348 0.106045 -0.142998
v -0.221924 0.111948 -0.136866
v -0.276769 0.102900 0.000034
v -0.324125 0.095907 -0.011362
v -0.321934 0.026455 -0.061097
v -0.235611 0.079929 -0.022983
v -0.281120 0.007583 -0.075420
v -0.241846 0.020341 -0.065408
v -0.280413 0.067841 0.003189
v -0.319032 0.055730 0.002024
v -0.317802 0.014618 -0.016512
v -0.244124 0.060024 0.002348
v -0.282115 -0.001369 -0.032209
v -0.247788 0.003733 -0.028275
v -0.279483 0.074261 0.229328
v -0.323258 0.054901 0.229121
v -0.317857 -0.004099 0.190736
v -0.229441 0.056074 0.219869
v -0.266237 -0.003567 0.167228
v -0.230639 -0.004211 0.180775
v -0.277123 0.070188 0.331161
v -0.340794 0.057308 0.323173
v -0.348858 -0.001791 0.296508
v -0.219867 0.060592 0.315501
v -0.265055 -0.002844 0.242519
v -0.202935 -0.001942 0.283134
v -0.175846 0.217386 0.621856
v -0.263128 0.334232 0.654885
v -0.287576 0.559102 0.564080
v -0.310234 0.357975 0.500398
v -0.304110 0.241867 0.456857
v -0.193296 0.147816 0.560886
v -0.271767 0.161230 0.559296
v -0.279492 0.159945 0.517242
v -0.203679 0.145157 0.487736
v -0.245636 0.162504 0.480752
v -0.176668 0.609160 1.020471
v -0.113681 0.661114 1.054144
v -0.213523 0.456121 0.908659
v -0.361071 0.504055 0.139856
v -0.307844 0.744892 0.188956
v -0.379224 0.300039 0.012949
v -0.370017 0.198918 -0.032097
v -0.332608 0.120280 -0.049589
v -0.328252 0.537076 0.366689
v -0.275621 0.046055 0.387507
v -0.317621 0.039538 0.378243
v -0.323983 -0.000064 0.387512
v -0.234340 0.040559 0.374159
v -0.264215 0.000000 0.397355
v -0.221725 -0.000149 0.378553
v -0.091202 0.245217 -0.729088
v -0.063837 0.296711 -0.745357
v -0.019238 0.017110 -2.720576
v -0.011701 0.004872 -2.720672
v -0.013250 0.033327 -2.707099
v -0.069635 0.082843 -1.492096
v -0.043354 0.115813 -1.491199
v -0.063727 0.045498 -1.493291
v -0.053125 0.050176 -2.061370
v -0.031170 0.082887 -2.060524
v -0.045612 0.015021 -2.062279
v -0.076168 0.204533 -0.711129
v -0.033699 0.017180 -2.692418
v -0.026600 0.003532 -2.681677
v -0.261202 0.507020 -0.306802
v -0.264666 0.707167 -0.201105
v -0.262039 0.512596 0.740992
v -0.118237 0.572122 1.155996
v -0.173830 0.414483 1.030432
v -0.070067 0.096077 -1.095888
v -0.078243 0.148099 -1.094615
v -0.052018 0.186055 -1.093952
v -0.080563 0.260374 -0.451050
v -0.070648 0.415290 -0.536920
v -0.082568 0.257822 1.334713
v -0.059772 0.200445 1.303210
v -0.142540 0.611333 -0.401165
v -0.351617 0.531775 -0.091209
v -0.199909 0.740685 0.684258
v -0.159409 0.768217 0.763081
v -0.202069 0.697413 0.849792
v -0.159933 0.735023 0.853515
v -0.239516 0.680406 0.706147
v -0.230159 0.663226 0.784793
v -0.343694 0.947890 0.793565
v -0.355741 0.935118 0.739096
v -0.343371 0.956981 0.714936
v -0.337233 0.990083 0.788379
v -0.301998 0.977501 0.864860
v -0.311870 0.948339 0.855557
v -0.270032 0.763936 0.688318
v -0.323080 0.851244 0.685656
v -0.242911 0.782371 0.796405
v -0.272189 0.866356 0.794600
v -0.235009 0.789822 0.673760
v -0.293945 0.874555 0.662992
v -0.186755 0.828860 0.771506
v -0.243194 0.920051 0.768935
v -0.226269 0.764125 0.902441
v -0.259173 0.863490 0.906956
v -0.190456 0.794748 0.898105
v -0.233097 0.904374 0.915546
v -0.110638 0.796267 0.731043
v -0.277722 0.057241 0.553595
v -0.268844 0.094811 0.569079
v -0.199757 0.087898 0.557439
v -0.201691 0.056492 0.548659
v -0.237073 0.037833 0.533834
v -0.234196 0.094642 0.566878
v -0.233501 0.158057 0.576926
v -0.265150 0.245708 0.617203
v -0.238908 0.068688 0.594254
v -0.273602 0.060561 0.602859
v -0.272470 0.020501 0.592816
v -0.195853 0.063759 0.597443
v -0.235112 0.003973 0.580382
v -0.199178 0.009209 0.583469
v -0.236552 0.070272 0.671485
v -0.283705 0.054695 0.663904
v -0.277160 0.001447 0.635320
v -0.190699 0.056115 0.660119
v -0.235787 0.001334 0.604015
v -0.188040 0.001469 0.629897
v -0.236161 0.060378 0.744378
v -0.291071 0.047720 0.729541
v -0.297131 0.001157 0.707724
v -0.189113 0.051071 0.727299
v -0.241054 0.001305 0.715382
v -0.176567 0.001181 0.701834
v -0.238445 0.036356 0.780006
v -0.273182 0.035775 0.772240
v -0.278630 0.000872 0.778875
v -0.204453 0.036814 0.771532
v -0.239997 0.000859 0.787529
v -0.194152 0.000888 0.774748
v -0.076341 0.245324 1.128132
v -0.188882 0.072599 0.553556
v -0.184529 0.142107 0.530278
v -0.159795 0.184431 0.526493
v -0.199246 0.187550 0.441858
v -0.143183 0.149464 -0.174756
v -0.366001 0.323589 -0.127960
v -0.364865 0.208143 -0.107532
v -0.071112 0.433525 1.263230
v -0.119432 0.336277 1.187243
v -0.328404 0.339965 0.364911
v -0.338165 0.296339 0.212157
v -0.339898 0.211733 0.097247
v -0.343964 0.169411 0.037118
v -0.117870 0.810820 0.621502
v 0.000000 0.188511 0.401150
v 0.105018 0.771447 0.877534
v 0.105244 0.277219 0.945483
v 0.051878 0.297931 1.366186
v 0.119280 0.724366 0.960385
v 0.203355 0.654466 0.919832
v 0.175087 0.292974 0.753949
v 0.029420 0.196638 1.382379
v 0.033956 0.226118 1.414849
v 0.142673 0.181399 0.282990
v 0.217443 0.737214 0.575847
v 0.272845 0.728849 0.397718
v 0.156891 0.866531 0.443641
v 0.267897 0.212872 0.265613
v 0.186391 0.908008 0.233242
v 0.152452 0.150883 0.126899
v 0.307974 0.747435 -0.028222
v 0.192618 0.914812 0.005019
v 0.087473 0.195991 -0.322462
v 0.109258 0.335960 -0.474344
v 0.157350 0.846825 -0.227705
v 0.273022 0.173347 0.142912
v 0.311469 0.154823 0.071232
v 0.239926 0.130957 0.049059
v 0.311903 0.304494 -0.256381
v 0.332596 0.185682 -0.188860
v 0.187559 0.132478 -0.065749
v 0.162623 0.168172 -0.275712
v 0.212024 0.234569 -0.349933
v 0.206727 0.128785 -0.182758
v 0.270093 0.145643 -0.230683
v 0.272294 0.117000 0.010241
v 0.319878 0.126060 0.004721
v 0.314360 0.111620 -0.109818
v 0.224837 0.104119 -0.038067
v 0.273348 0.106045 -0.142998
v 0.221924 0.111948 -0.136866
v 0.276769 0.102900 0.000034
v 0.324125 0.095907 -0.011362
v 0.321934 0.026455 -0.061097
v 0.235611 0.079929 -0.022983
v 0.281120 0.007583 -0.075420
v 0.241846 0.020341 -0.065408
v 0.280413 0.067841 0.003189
v 0.319032 0.055730 0.002024
v 0.317802 0.014618 -0.016512
v 0.244124 0.060024 0.002348
v 0.282115 -0.001369 -0.032209
v 0.247788 0.003733 -0.028275
v 0.279483 0.074261 0.229328
v 0.323258 0.054901 0.229121
v 0.317857 -0.004099 0.190736
v 0.229441 0.056074 0.219869
v 0.266237 -0.003567 0.167228
v 0.230639 -0.004211 0.180775
v 0.277123 0.070188 0.331161
v 0.340794 0.057308 0.323173
v 0.348858 -0.001791 0.296508
v 0.219867 0.060592 0.315501
v 0.265055 -0.002844 0.242519
v 0.202935 -0.001942 0.283134
v 0.175846 0.217386 0.621856
v 0.263128 0.334232 0.654885
v 0.287576 0.559102 0.564080
v 0.310234 0.357975 0.500398
v 0.304110 0.241867 0.456857
v 0.193296 0.147816 0.560886
v 0.271767 0.161230 0.559296
v 0.279492 0.159945 0.517242
v 0.203679 0.145157 0.487736
v 0.245636 0.162504 0.480752
v 0.176668 0.609160 1.020471
v 0.113681 0.661114 1.054144
v 0.213523 0.456121 0.908659
v 0.361071 0.504055 0.139856
v 0.307844 0.744892 0.188956
v 0.379224 0.300039 0.012949
v 0.370017 0.198918 -0.032097
v 0.332608 0.120280 -0.049589
v 0.328252 0.537076 0.366689
v 0.275621 0.046055 0.387507
v 0.317621 0.039538 0.378243
v 0.323983 -0.000064 0.387512
v 0.234340 0.040559 0.374159
v 0.264215 0.000000 0.397355
v 0.221725 -0.000149 0.378553
v 0.091202 0.245217 -0.729088
v 0.063837 0.296711 -0.745357
v 0.019238 0.017110 -2.720576
v 0.011701 0.004872 -2.720672
v 0.013250 0.033327 -2.707099
v 0.069635 0.082843 -1.492096
v 0.043354 0.115813 -1.491199
v 0.063727 0.045498 -1.493291
v 0.053125 0.050176 -2.061370
v 0.031170 0.082887 -2.060524
v 0.045612 0.015021 -2.062279
v 0.076168 0.204533 -0.711129
v 0.033699 0.017180 -2.692418
v 0.026600 0.003532 -2.681677
v 0.261202 0.507020 -0.306802
v 0.264666 0.707167 -0.201105
v 0.262039 0.512596 0.740992
v 0.118237 0.572122 1.155996
v 0.173830 0.414483 1.030432
v 0.070067 0.096077 -1.095888
v 0.078243 0.148099 -1.094615
v 0.052018 0.186055 -1.093952
v 0.080563 0.260374 -0.451050
v 0.070648 0.415290 -0.536920
v 0.082568 0.257822 1.334713
v 0.059772 0.200445 1.303210
v 0.142540 0.611333 -0.401165
v 0.351617 0.531775 -0.091209
v 0.199909 0.740685 0.684258
v 0.159409 0.768217 0.763081
v 0.202069 0.697413 0.849792
v 0.159933 0.735023 0.853515
v 0.239516 0.680406 0.706147
v 0.230159 0.663226 0.784793
v 0.343694 0.947890 0.793565
v 0.355741 0.935118 0.739096
v 0.343371 0.956981 0.714936
v 0.337233 0.990083 0.788379
v 0.301998 0.977501 0.864860
v 0.311870 0.948339 0.855557
v 0.270032 0.763936 0.688318
v 0.323080 0.851244 0.685656
v 0.242911 0.782371 0.796405
v 0.272189 0.866356 0.794600
v 0.235009 0.789822 0.673760
v 0.293945 0.874555 0.662992
v 0.186755 0.828860 0.771506
v 0.243194 0.920051 0.768935
v 0.226269 0.764125 0.902441
v 0.259173 0.863490 0.906956
v 0.190456 0.794748 0.898105
v 0.233097 0.904374 0.915546
v 0.110638 0.796267 0.731043
v 0.277722 0.057241 0.553595
v 0.268844 0.094811 0.569079
v 0.199757 0.087898 0.557439
v 0.201691 0.056492 0.548659
v 0.237073 0.037833 0.533834
v 0.234196 0.094642 0.566878
v 0.233501 0.158057 0.576926
v 0.265150 0.245708 0.617203
v 0.238908 0.068688 0.594254
v 0.273602 0.060561 0.602859
v 0.272470 0.020501 0.592816
v 0.195853 0.063759 0.597443
v 0.235112 0.003973 0.580382
v 0.199178 0.009209 0.583469
v 0.236552 0.070272 0.671485
v 0.283705 0.054695 0.663904
v 0.277160 0.001447 0.635320
v 0.190699 0.056115 0.660119
v 0.235787 0.001334 0.604015
v 0.188040 0.001469 0.629897
v 0.236161 0.060378 0.744378
v 0.291071 0.047720 0.729541
v 0.297131 0.001157 0.707724
v 0.189113 0.051071 0.727299
v 0.241054 0.001305 0.715382
v 0.176567 0.001181 0.701834
v 0.238445 0.036356 0.780006
v 0.273182 0.035775 0.772240
v 0.278630 0.000872 0.778875
v 0.204453 0.036814 0.771532
v 0.239997 0.000859 0.787529
v 0.194152 0.000888 0.774748
v 0.076341 0.245324 1.128132
v 0.188882 0.072599 0.553556
v 0.184529 0.142107 0.530278
v 0.159795 0.184431 0.526493
v 0.199246 0.187550 0.441858
v 0.143183 0.149464 -0.174756
v 0.366001 0.323589 -0.127960
v 0.364865 0.208143 -0.107532
v 0.071112 0.433525 1.263230
v 0.119432 0.336277 1.187243
v 0.328404 0.339965 0.364911
v 0.338165 0.296339 0.212157
v 0.339898 0.211733 0.097247
v 0.343964 0.169411 0.037118
v 0.117870 0.810820 0.621502
v -0.147049 0.517791 1.090442
v -0.147322 0.528169 1.089630
v -0.147587 0.507446 1.089381
v -0.148395 0.538181 1.086976
v -0.148915 0.497531 1.086488
v -0.150983 0.488428 1.081873
v -0.150228 0.547442 1.082583
v -0.153711 0.480486 1.075715
v -0.155865 0.562331 1.069312
v -0.152750 0.555597 1.076618
v -0.156995 0.474011 1.068250
v -0.160707 0.469251 1.059765
v -0.159451 0.567387 1.060945
v -0.163372 0.570570 1.051838
v -0.164705 0.466389 1.050586
v -0.167477 0.571758 1.042342
v -0.171608 0.570904 1.032821
v -0.172941 0.466723 1.031569
v -0.175606 0.568042 1.023642
v -0.178603 0.563277 1.014847
v -0.181159 0.556796 1.007067
v -0.183274 0.548850 1.000644
v -0.184868 0.539743 0.995824
v -0.185880 0.529826 0.992793
v -0.185149 0.499091 0.995232
v -0.186269 0.519480 0.991668
v -0.186022 0.509102 0.992492
v -0.181677 0.481682 1.005973
v -0.183681 0.489833 0.999784
v -0.176383 0.469902 1.022255
v -0.179213 0.474952 1.013560
v -0.168836 0.465535 1.041065
s 0
usemtl Material.002
f 462 461 446
f 21 18 7
f 461 475 458
f 458 455 461
f 455 454 461
f 454 451 449
f 449 448 446
f 446 444 450
f 444 445 450
f 445 447 450
f 450 453 457
f 453 452 457
f 452 456 457
f 457 459 460
f 460 462 457
f 462 463 461
f 457 462 450
f 463 464 474
f 464 465 474
f 465 466 467
f 467 469 470
f 470 468 467
f 468 472 467
f 472 471 474
f 474 473 463
f 473 461 463
f 454 449 461
f 449 446 461
f 465 467 474
f 472 474 467
f 446 450 462
f 18 15 3
f 15 1 3
f 1 2 3
f 3 4 5
f 5 6 7
f 7 8 9
f 9 10 13
f 13 12 17
f 12 11 17
f 11 14 17
f 17 16 21
f 21 20 18
f 20 23 18
f 23 25 26
f 25 28 26
f 28 29 31
f 31 30 32
f 32 27 31
f 27 26 31
f 26 24 23
f 24 22 23
f 22 19 23
f 19 18 23
f 3 5 18
f 5 7 18
f 7 9 21
f 9 13 21
f 17 21 13
f 28 31 26
usemtl Material.003
f 419 412 418
f 324 402 403
f 220 211 221
f 121 130 124
f 235 239 233
f 411 406 405
f 313 341 338
f 179 158 159
f 166 171 168
f 215 224 223
f 221 229 227
f 414 405 408
f 311 306 305
f 345 61 57
f 55 164 53
f 310 301 304
f 401 410 400
f 431 399 324
f 55 162 167
f 200 207 201
f 182 251 252
f 190 200 198
f 417 424 418
f 166 165 163
f 430 408 399
f 407 401 397
f 240 241 242
f 336 297 291
f 225 234 228
f 352 357 356
f 161 58 171
f 71 261 437
f 55 348 52
f 80 75 182
f 169 91 158
f 351 352 349
f 150 110 104
f 266 368 261
f 350 55 53
f 227 235 233
f 326 401 328
f 213 219 222
f 140 215 211
f 297 305 299
f 110 115 109
f 399 405 402
f 353 356 348
f 230 235 229
f 364 350 365
f 118 126 120
f 233 226 227
f 123 131 129
f 326 398 397
f 122 129 128
f 355 60 363
f 305 300 299
f 132 156 131
f 58 347 357
f 164 178 179
f 169 60 49
f 114 119 113
f 103 112 106
f 421 428 422
f 298 301 295
f 212 219 216
f 153 127 128
f 386 393 392
f 401 327 328
f 387 383 393
f 296 336 290
f 308 315 309
f 422 414 416
f 228 236 230
f 197 201 207
f 106 114 108
f 400 410 430
f 112 120 114
f 291 299 293
f 162 160 170
f 122 127 121
f 201 193 199
f 411 418 412
f 234 242 236
f 239 232 233
f 340 338 342
f 45 80 44
f 225 232 231
f 53 179 61
f 317 312 311
f 214 244 224
f 277 355 344
f 220 225 219
f 348 356 346
f 231 240 234
f 368 437 261
f 138 216 213
f 45 266 261
f 170 161 171
f 302 309 303
f 415 410 409
f 152 154 156
f 302 297 296
f 313 308 307
f 111 119 117
f 366 49 355
f 413 421 415
f 413 406 412
f 238 231 232
f 384 387 386
f 428 420 422
f 355 364 344
f 306 298 300
f 124 132 126
f 309 317 311
f 301 296 295
f 171 56 168
f 241 238 239
f 316 307 310
f 431 400 430
f 242 235 236
f 417 426 423
f 376 386 377
f 407 415 409
f 301 308 302
f 420 411 414
f 425 418 424
f 130 157 132
f 295 290 289
f 178 169 158
f 374 386 392
f 315 342 317
f 57 181 63
f 403 398 325
f 115 122 121
f 165 60 177
f 213 245 138
f 54 354 351
f 427 424 423
f 181 158 91
f 293 300 294
f 156 129 131
f 349 353 350
f 163 177 178
f 318 310 312
f 421 425 427
f 356 347 346
f 342 341 343
f 405 398 402
f 215 221 211
f 303 311 305
f 188 200 191
f 222 230 224
f 367 57 63
f 167 163 164
f 105 113 111
f 120 125 119
f 212 140 211
f 363 349 364
f 245 214 141
f 227 220 221
f 112 115 118
f 314 340 315
f 318 342 343
f 313 339 314
f 126 131 125
f 127 155 130
f 427 426 428
f 365 53 61
f 51 347 50
f 117 125 123
f 107 114 113
f 150 105 111
f 167 170 166
f 161 51 50
f 379 387 385
f 180 49 62
f 298 289 292
f 397 406 407
f 416 408 410
f 56 357 354
f 224 229 223
f 219 228 222
f 115 124 118
f 217 212 216
f 421 416 415
f 344 365 345
f 154 128 129
f 244 222 224
f 116 123 122
f 156 155 152
f 141 215 142
f 75 71 251
f 60 351 363
f 51 348 346
f 111 116 110
f 104 109 103
f 168 54 165
f 312 304 306
f 198 201 199
f 61 159 57
f 300 292 294
f 51 162 52
f 367 344 345
f 316 343 341
f 419 413 412
f 324 399 402
f 220 212 211
f 121 127 130
f 235 241 239
f 411 412 406
f 313 316 341
f 179 178 158
f 166 170 171
f 215 214 224
f 221 223 229
f 414 411 405
f 311 312 306
f 345 365 61
f 55 167 164
f 310 307 301
f 401 409 410
f 431 430 399
f 55 52 162
f 200 206 207
f 182 75 251
f 190 191 200
f 417 423 424
f 166 168 165
f 430 410 408
f 407 409 401
f 240 237 241
f 225 231 234
f 352 354 357
f 161 50 58
f 71 45 261
f 55 353 348
f 169 180 91
f 351 354 352
f 150 111 110
f 350 353 55
f 227 229 235
f 326 397 401
f 213 216 219
f 140 142 215
f 297 303 305
f 110 116 115
f 399 408 405
f 353 352 356
f 230 236 235
f 364 349 350
f 118 124 126
f 233 232 226
f 123 125 131
f 326 325 398
f 122 123 129
f 355 49 60
f 305 306 300
f 132 157 156
f 58 50 347
f 164 163 178
f 169 177 60
f 114 120 119
f 103 109 112
f 421 427 428
f 298 304 301
f 212 220 219
f 153 152 127
f 386 387 393
f 401 400 327
f 387 378 383
f 296 297 336
f 308 314 315
f 422 420 414
f 228 234 236
f 197 192 201
f 106 112 114
f 112 118 120
f 291 297 299
f 122 128 127
f 201 192 193
f 411 417 418
f 234 240 242
f 239 238 232
f 340 339 338
f 45 75 80
f 225 226 232
f 53 164 179
f 317 318 312
f 277 366 355
f 220 226 225
f 231 237 240
f 368 438 437
f 138 217 216
f 45 44 266
f 170 160 161
f 302 308 309
f 415 416 410
f 152 153 154
f 302 303 297
f 313 314 308
f 111 113 119
f 366 62 49
f 413 419 421
f 413 407 406
f 238 237 231
f 384 385 387
f 428 426 420
f 355 363 364
f 306 304 298
f 124 130 132
f 309 315 317
f 301 302 296
f 171 58 56
f 241 237 238
f 316 313 307
f 431 327 400
f 242 241 235
f 417 420 426
f 376 384 386
f 407 413 415
f 301 307 308
f 420 417 411
f 425 419 418
f 130 155 157
f 295 296 290
f 178 177 169
f 374 377 386
f 315 340 342
f 57 159 181
f 403 402 398
f 115 116 122
f 165 54 60
f 213 244 245
f 54 56 354
f 427 425 424
f 181 159 158
f 293 299 300
f 156 154 129
f 349 352 353
f 163 165 177
f 318 316 310
f 421 419 425
f 356 357 347
f 342 338 341
f 405 406 398
f 215 223 221
f 303 309 311
f 188 206 200
f 222 228 230
f 367 345 57
f 167 166 163
f 105 107 113
f 120 126 125
f 212 139 140
f 363 351 349
f 245 244 214
f 227 226 220
f 112 109 115
f 314 339 340
f 318 317 342
f 313 338 339
f 126 132 131
f 127 152 155
f 427 423 426
f 365 350 53
f 51 346 347
f 117 119 125
f 107 108 114
f 167 162 170
f 161 160 51
f 379 378 387
f 180 169 49
f 298 295 289
f 397 398 406
f 416 414 408
f 56 58 357
f 224 230 229
f 219 225 228
f 115 121 124
f 217 139 212
f 421 422 416
f 344 364 365
f 154 153 128
f 244 213 222
f 116 117 123
f 156 157 155
f 141 214 215
f 75 45 71
f 60 54 351
f 51 52 348
f 111 117 116
f 104 110 109
f 168 56 54
f 312 310 304
f 198 200 201
f 61 179 159
f 300 298 292
f 51 160 162
f 367 277 344
f 316 318 343
usemtl Material.004
f 264 40 319
f 64 265 43
f 67 319 40
f 48 434 284
f 246 258 67
f 67 133 246
f 276 62 366
f 87 48 38
f 42 429 66
f 258 432 67
f 258 267 433
f 81 258 247
f 48 273 38
f 90 68 248
f 90 62 37
f 248 48 98
f 68 276 434
f 260 41 264
f 38 267 39
f 81 38 39
f 243 42 66
f 40 78 133
f 66 369 64
f 183 66 64
f 79 64 43
f 74 41 42
f 264 41 40
f 64 369 265
f 67 432 319
f 48 68 434
f 246 247 258
f 67 40 133
f 276 37 62
f 87 98 48
f 42 260 429
f 258 433 432
f 258 39 267
f 81 39 258
f 48 284 273
f 90 37 68
f 90 180 62
f 248 68 48
f 68 37 276
f 260 42 41
f 38 273 267
f 81 87 38
f 243 74 42
f 40 41 78
f 66 429 369
f 183 243 66
f 79 183 64
f 74 78 41
usemtl Material.005
f 144 143 175
f 175 444 446
f 86 36 89
f 145 74 176
f 260 331 362
f 255 149 256
f 204 189 187
f 133 217 138
f 90 100 180
f 369 438 368
f 73 189 76
f 439 332 337
f 283 293 288
f 95 106 98
f 182 79 80
f 250 148 249
f 373 396 259
f 44 79 43
f 277 370 358
f 281 292 289
f 273 271 267
f 46 330 262
f 375 392 394
f 33 262 259
f 76 143 144
f 203 204 202
f 210 72 257
f 104 149 150
f 389 390 391
f 385 388 389
f 189 206 188
f 104 94 256
f 259 34 33
f 96 102 97
f 372 384 376
f 439 271 440
f 263 331 360
f 146 253 151
f 107 97 102
f 176 243 252
f 173 184 172
f 190 82 135
f 105 250 97
f 136 253 137
f 189 77 76
f 70 367 63
f 323 326 328
f 391 382 381
f 98 108 101
f 322 337 321
f 100 172 91
f 209 204 205
f 385 380 379
f 404 403 325
f 432 324 319
f 438 361 437
f 248 99 90
f 265 368 266
f 259 262 375
f 83 86 147
f 70 278 370
f 195 197 196
f 286 276 366
f 390 395 391
f 82 84 83
f 440 279 441
f 186 210 257
f 208 207 206
f 330 361 329
f 134 135 136
f 186 257 82
f 429 362 438
f 101 107 102
f 218 139 217
f 279 280 441
f 198 186 190
f 193 195 194
f 322 404 323
f 150 149 250
f 135 83 151
f 372 268 443
f 85 253 254
f 371 359 274
f 321 320 322
f 246 141 247
f 388 373 390
f 137 142 140
f 396 72 34
f 140 218 137
f 379 381 378
f 73 187 189
f 469 467 145
f 290 442 280
f 272 36 35
f 380 391 381
f 334 371 332
f 326 404 325
f 264 360 331
f 92 70 184
f 187 73 210
f 268 376 321
f 252 183 182
f 85 247 137
f 281 279 273
f 441 280 442
f 287 293 294
f 98 87 95
f 277 286 366
f 328 433 323
f 331 8 7
f 436 291 283
f 434 276 285
f 434 287 284
f 433 271 323
f 199 194 203
f 377 263 360
f 358 435 282
f 370 359 358
f 73 34 210
f 441 335 334
f 218 136 137
f 97 249 96
f 395 383 382
f 202 187 186
f 269 272 270
f 336 436 335
f 335 290 336
f 251 59 175
f 85 87 81
f 246 138 245
f 65 257 72
f 185 148 146
f 136 151 253
f 372 396 373
f 89 147 86
f 91 184 181
f 263 375 262
f 337 333 269
f 375 390 373
f 59 437 361
f 249 172 96
f 334 440 441
f 93 255 94
f 322 323 439
f 327 432 433
f 383 381 382
f 288 282 283
f 46 144 47
f 319 403 404
f 284 294 292
f 174 190 135
f 283 435 436
f 199 202 198
f 78 174 134
f 280 289 290
f 194 205 203
f 205 196 209
f 44 265 266
f 376 360 321
f 89 69 92
f 76 33 73
f 175 252 251
f 191 77 188
f 334 436 435
f 70 181 184
f 255 256 94
f 443 65 72
f 262 329 263
f 284 281 273
f 270 35 65
f 274 278 275
f 151 147 146
f 77 145 143
f 93 95 87
f 88 146 147
f 404 264 319
f 185 173 172
f 321 269 268
f 35 84 65
f 148 254 146
f 288 285 286
f 47 175 59
f 94 103 95
f 268 270 443
f 358 286 277
f 259 375 373
f 218 133 78
f 134 218 78
f 393 394 392
f 99 102 100
f 320 264 404
f 93 254 255
f 332 274 333
f 47 361 330
f 247 142 137
f 101 248 98
f 275 69 36
f 88 92 173
f 91 180 100
f 333 275 272
f 30 31 361
f 209 197 207
f 175 143 456
f 143 459 457
f 143 457 456
f 458 475 176
f 455 458 176
f 175 456 452
f 454 455 176
f 451 454 176
f 175 452 453
f 175 453 450
f 451 176 449
f 176 175 449
f 175 450 447
f 175 447 445
f 448 449 175
f 446 448 175
f 175 445 444
f 86 35 36
f 145 78 74
f 260 264 331
f 255 148 149
f 204 208 189
f 133 218 217
f 90 99 100
f 369 429 438
f 439 440 332
f 283 291 293
f 95 103 106
f 182 183 79
f 250 149 148
f 44 80 79
f 277 367 370
f 281 284 292
f 273 279 271
f 46 47 330
f 375 374 392
f 33 46 262
f 76 77 143
f 203 205 204
f 210 34 72
f 104 256 149
f 389 388 390
f 385 384 388
f 189 208 206
f 259 396 34
f 96 100 102
f 372 388 384
f 439 323 271
f 263 329 331
f 146 254 253
f 107 105 97
f 176 74 243
f 173 92 184
f 190 186 82
f 105 150 250
f 189 188 77
f 70 370 367
f 391 395 382
f 98 106 108
f 322 439 337
f 100 96 172
f 209 208 204
f 385 389 380
f 432 431 324
f 438 362 361
f 265 369 368
f 83 84 86
f 70 69 278
f 195 192 197
f 286 285 276
f 390 394 395
f 82 257 84
f 440 271 279
f 186 187 210
f 208 209 207
f 134 174 135
f 429 260 362
f 101 108 107
f 198 202 186
f 193 192 195
f 322 320 404
f 135 82 83
f 85 137 253
f 371 358 359
f 321 360 320
f 246 245 141
f 388 372 373
f 396 443 72
f 140 139 218
f 379 380 381
f 460 459 143
f 145 176 471
f 176 475 461
f 176 461 473
f 462 460 143
f 463 462 143
f 176 473 474
f 176 474 471
f 464 463 143
f 465 464 143
f 145 471 472
f 465 143 145
f 466 465 145
f 145 472 468
f 145 468 470
f 467 466 145
f 145 470 469
f 272 275 36
f 380 389 391
f 334 435 371
f 326 323 404
f 264 320 360
f 92 69 70
f 268 372 376
f 252 243 183
f 85 81 247
f 281 280 279
f 287 288 293
f 328 327 433
f 15 362 1
f 362 331 3
f 1 362 2
f 329 16 17
f 329 17 14
f 2 362 3
f 329 14 11
f 329 11 12
f 4 3 331
f 331 329 13
f 329 12 13
f 5 4 331
f 6 5 331
f 331 13 10
f 331 10 9
f 7 6 331
f 331 9 8
f 436 336 291
f 434 285 287
f 433 267 271
f 199 193 194
f 377 374 263
f 358 371 435
f 370 278 359
f 73 33 34
f 441 442 335
f 218 134 136
f 97 250 249
f 395 393 383
f 202 204 187
f 269 333 272
f 335 442 290
f 251 71 59
f 85 93 87
f 246 133 138
f 65 84 257
f 185 249 148
f 136 135 151
f 372 443 396
f 89 88 147
f 91 172 184
f 263 374 375
f 337 332 333
f 375 394 390
f 59 71 437
f 249 185 172
f 334 332 440
f 327 431 432
f 383 378 381
f 288 286 282
f 46 76 144
f 319 324 403
f 284 287 294
f 174 191 190
f 283 282 435
f 199 203 202
f 78 145 174
f 280 281 289
f 194 195 205
f 205 195 196
f 44 43 265
f 376 377 360
f 89 36 69
f 76 46 33
f 175 176 252
f 191 174 77
f 334 335 436
f 70 63 181
f 443 270 65
f 262 330 329
f 270 272 35
f 274 359 278
f 151 83 147
f 77 174 145
f 93 94 95
f 88 185 146
f 185 88 173
f 321 337 269
f 35 86 84
f 148 255 254
f 288 287 285
f 47 144 175
f 94 104 103
f 268 269 270
f 358 282 286
f 393 395 394
f 99 101 102
f 93 85 254
f 332 371 274
f 47 59 361
f 247 141 142
f 101 99 248
f 275 278 69
f 88 89 92
f 333 274 275
f 21 16 329
f 362 15 18
f 362 18 19
f 21 329 20
f 329 361 25
f 20 329 23
f 23 329 25
f 362 19 22
f 362 22 24
f 361 362 26
f 362 24 26
f 28 25 361
f 29 28 361
f 361 26 27
f 361 27 32
f 31 29 361
f 361 32 30
f 209 196 197